0.000000 0.000000 0.000000   6.000000 6.000000
0.003991 0.000000 0.000000   6.000000 6.000000
0.007853 0.000000 0.000000   6.000000 6.000000
0.011715 0.000000 0.000000   6.000000 6.000000
0.015706 0.000000 0.000000   6.000000 6.000000
0.019568 0.000000 0.000000   6.000000 6.000000
0.023559 0.000000 0.000000   -2.000000 2.000000
0.023559 0.000000 0.049515   6.000000 6.000000
0.027481 0.000199 0.051991   6.000000 6.000000
0.031402 0.000398 0.049515   6.000000 6.000000
0.035260 0.000590 0.049515   6.000000 6.000000
0.039181 0.000789 0.051991   6.000000 6.000000
0.043103 0.000988 0.049515   6.000000 6.000000
0.047024 0.001187 0.051991   -2.000000 2.000000
0.047024 0.001187 0.101507   6.000000 6.000000
0.050995 0.001592 0.101507   6.000000 6.000000
0.054837 0.001983 0.101507   6.000000 6.000000
0.058744 0.002376 0.099031   6.000000 6.000000
0.062651 0.002769 0.101507   6.000000 6.000000
0.066558 0.003162 0.099031   6.000000 6.000000
0.070465 0.003555 0.101507   -2.000000 2.000000
0.070465 0.003555 0.151022   6.000000 6.000000
0.074346 0.004151 0.153498   6.000000 6.000000
0.078227 0.004746 0.151022   6.000000 6.000000
0.082045 0.005327 0.151022   6.000000 6.000000
0.085991 0.005928 0.151022   6.000000 6.000000
0.089809 0.006509 0.151022   6.000000 6.000000
0.093754 0.007109 0.151022   -2.000000 2.000000
0.093691 0.007098 0.203013   6.000000 6.000000
0.097538 0.007885 0.200537   6.000000 6.000000
0.101385 0.008672 0.203013   6.000000 6.000000
0.105232 0.009459 0.200537   6.000000 6.000000
0.109079 0.010246 0.203013   6.000000 6.000000
0.112926 0.011033 0.200537   6.000000 6.000000
0.116772 0.011819 0.203013   -2.000000 2.000000
0.116772 0.011819 0.252528   6.000000 6.000000
0.120576 0.012796 0.250053   6.000000 6.000000
0.124379 0.013772 0.252528   6.000000 6.000000
0.128119 0.014737 0.252528   6.000000 6.000000
0.131983 0.015734 0.252528   6.000000 6.000000
0.135723 0.016699 0.252528   6.000000 6.000000
0.139587 0.017696 0.252528   -2.000000 2.000000
0.139587 0.017696 0.302044   6.000000 6.000000
0.143274 0.018845 0.302044   6.000000 6.000000
0.147085 0.020032 0.302044   6.000000 6.000000
0.150772 0.021181 0.302044   6.000000 6.000000
0.154582 0.022369 0.302044   6.000000 6.000000
0.158270 0.023517 0.302044   6.000000 6.000000
0.162080 0.024705 0.302044   -2.000000 2.000000
0.162019 0.024684 0.354035   6.000000 6.000000
0.165704 0.026041 0.351559   2.000000 -2.000000
0.165704 0.026041 0.302044   6.000000 6.000000
0.169514 0.027228 0.302044   6.000000 6.000000
0.173201 0.028377 0.302044   6.000000 6.000000
0.176949 0.029549 0.304520   6.000000 6.000000
0.180696 0.030722 0.302044   6.000000 6.000000
0.184444 0.031895 0.304520   -2.000000 2.000000
0.184444 0.031895 0.354035   6.000000 6.000000
0.188128 0.033252 0.351559   2.000000 -2.000000
0.188128 0.033252 0.302044   6.000000 6.000000
0.191876 0.034424 0.304520   6.000000 6.000000
0.195623 0.035597 0.302044   6.000000 6.000000
0.199370 0.036770 0.304520   6.000000 6.000000
0.203118 0.037942 0.302044   6.000000 6.000000
0.206805 0.039091 0.302044   -2.000000 2.000000
0.206866 0.039112 0.354035   6.000000 6.000000
0.210551 0.040469 0.351559   2.000000 -2.000000
0.210551 0.040469 0.302044   6.000000 6.000000
0.214298 0.041641 0.304520   6.000000 6.000000
0.218045 0.042814 0.302044   6.000000 6.000000
0.221733 0.043963 0.302044   6.000000 6.000000
0.225543 0.045150 0.302044   6.000000 6.000000
0.229230 0.046299 0.302044   -2.000000 2.000000
0.229291 0.046320 0.354035   6.000000 6.000000
0.232976 0.047676 0.351559   2.000000 -2.000000
0.232976 0.047676 0.302044   6.000000 6.000000
0.236663 0.048825 0.302044   6.000000 6.000000
0.240474 0.050013 0.302044   6.000000 6.000000
0.244161 0.051161 0.302044   6.000000 6.000000
0.247971 0.052349 0.302044   6.000000 6.000000
0.251659 0.053498 0.302044   0.000000 0.000000
0.251659 0.053498 0.302044   6.000000 6.000000
0.255469 0.054685 0.302044   6.000000 6.000000
0.259156 0.055834 0.302044   6.000000 6.000000
0.262904 0.057006 0.304520   6.000000 6.000000
0.266651 0.058179 0.302044   6.000000 6.000000
0.270398 0.059352 0.304520   6.000000 6.000000
0.274146 0.060524 0.302044   0.000000 0.000000
0.274146 0.060524 0.302044   6.000000 6.000000
0.277893 0.061697 0.304520   6.000000 6.000000
0.281641 0.062870 0.302044   6.000000 6.000000
0.285328 0.064019 0.302044   6.000000 6.000000
0.289138 0.065206 0.302044   6.000000 6.000000
0.292826 0.066355 0.302044   6.000000 6.000000
0.296636 0.067542 0.302044   0.000000 0.000000
0.296636 0.067542 0.302044   6.000000 6.000000
0.300323 0.068691 0.302044   2.000000 -2.000000
0.300323 0.068691 0.252528   6.000000 6.000000
0.304188 0.069688 0.252528   6.000000 6.000000
0.307927 0.070653 0.252528   6.000000 6.000000
0.311792 0.071650 0.252528   6.000000 6.000000
0.315531 0.072615 0.252528   6.000000 6.000000
0.319396 0.073612 0.252528   0.000000 0.000000
0.319396 0.073612 0.252528   6.000000 6.000000
0.323135 0.074577 0.252528   2.000000 -2.000000
0.323135 0.074577 0.203013   6.000000 6.000000
0.326982 0.075364 0.200537   6.000000 6.000000
0.330829 0.076151 0.203013   6.000000 6.000000
0.334676 0.076938 0.200537   6.000000 6.000000
0.338523 0.077725 0.203013   6.000000 6.000000
0.342370 0.078512 0.200537   0.000000 0.000000
0.342370 0.078512 0.200537   6.000000 6.000000
0.346217 0.079299 0.203013   4.000000 -4.000000
0.346217 0.079299 0.099031   6.000000 6.000000
0.350124 0.079692 0.101507   6.000000 6.000000
0.354031 0.080085 0.099031   6.000000 6.000000
0.357937 0.080478 0.101507   5.400000 4.200000
0.361780 0.080869 0.101507   4.800000 2.400000
0.365750 0.081274 0.101507   4.200000 0.600000
0.365750 0.081274 0.101507   3.600000 -1.200000
0.369657 0.081667 0.099031   3.000000 -3.000000
0.369657 0.081667 0.024758   3.600000 -1.200000
0.373582 0.081769 0.027233   4.200000 0.600000
0.377507 0.081871 0.024758   4.800000 2.400000
0.381433 0.081973 0.027233   5.400000 4.200000
0.385358 0.082075 0.024758   6.000000 6.000000
0.389219 0.082171 0.024758   0.000000 0.000000
0.389219 0.082171 0.024758   6.000000 6.000000
0.393209 0.082269 0.024758   2.000000 -2.000000
0.393209 0.082269 -0.024758   6.000000 6.000000
0.397070 0.082174 -0.024758   6.000000 6.000000
0.401059 0.082075 -0.024758   6.000000 6.000000
0.404920 0.081979 -0.024758   6.000000 6.000000
0.408910 0.081881 -0.024758   6.000000 6.000000
0.412771 0.081785 -0.024758   0.000000 0.000000
0.412771 0.081785 -0.024758   6.000000 6.000000
0.416761 0.081686 -0.024758   2.000000 -2.000000
0.416761 0.081686 -0.074273   6.000000 6.000000
0.420612 0.081400 -0.074273   6.000000 6.000000
0.424528 0.081103 -0.076749   6.000000 6.000000
0.428443 0.080807 -0.074273   6.000000 6.000000
0.432359 0.080511 -0.076749   6.000000 6.000000
0.436274 0.080215 -0.074273   0.000000 0.000000
0.436274 0.080215 -0.074273   6.000000 6.000000
0.440189 0.079918 -0.076749   2.000000 -2.000000
0.440189 0.079918 -0.126264   6.000000 6.000000
0.444085 0.079429 -0.123788   6.000000 6.000000
0.447981 0.078939 -0.126264   6.000000 6.000000
0.451877 0.078450 -0.123788   6.000000 6.000000
0.455773 0.077960 -0.126264   6.000000 6.000000
0.459669 0.077470 -0.123788   0.000000 0.000000
0.459669 0.077470 -0.123788   6.000000 6.000000
0.463565 0.076981 -0.126264   2.000000 -2.000000
0.463565 0.076981 -0.175780   6.000000 6.000000
0.467368 0.076305 -0.175780   6.000000 6.000000
0.471297 0.075607 -0.175780   6.000000 6.000000
0.475100 0.074932 -0.175780   6.000000 6.000000
0.479029 0.074234 -0.175780   6.000000 6.000000
0.482832 0.073559 -0.175780   -2.000000 2.000000
0.482832 0.073559 -0.126264   6.000000 6.000000
0.486791 0.073056 -0.126264   6.000000 6.000000
0.490622 0.072570 -0.126264   6.000000 6.000000
0.494582 0.072067 -0.126264   6.000000 6.000000
0.498413 0.071581 -0.126264   6.000000 6.000000
0.502372 0.071078 -0.126264   6.000000 6.000000
0.506204 0.070592 -0.126264   -2.000000 2.000000
0.506204 0.070592 -0.076749   6.000000 6.000000
0.510119 0.070295 -0.074273   2.000000 -2.000000
0.510183 0.070289 -0.126264   6.000000 6.000000
0.514015 0.069803 -0.126264   6.000000 6.000000
0.517910 0.069313 -0.123788   6.000000 6.000000
0.521806 0.068823 -0.126264   6.000000 6.000000
0.525702 0.068334 -0.123788   6.000000 6.000000
0.529598 0.067844 -0.126264   -2.000000 2.000000
0.529598 0.067844 -0.076749   6.000000 6.000000
0.533514 0.067548 -0.074273   2.000000 -2.000000
0.533514 0.067548 -0.123788   6.000000 6.000000
0.537410 0.067058 -0.126264   6.000000 6.000000
0.541305 0.066569 -0.123788   6.000000 6.000000
0.545201 0.066079 -0.126264   6.000000 6.000000
0.549097 0.065589 -0.123788   6.000000 6.000000
0.552993 0.065100 -0.126264   -2.000000 2.000000
0.552993 0.065100 -0.076749   6.000000 6.000000
0.556909 0.064803 -0.074273   6.000000 6.000000
0.560824 0.064507 -0.076749   6.000000 6.000000
0.564739 0.064211 -0.074273   6.000000 6.000000
0.568591 0.063924 -0.074273   6.000000 6.000000
0.572571 0.063628 -0.074273   6.000000 6.000000
0.576422 0.063342 -0.074273   -2.000000 2.000000
0.576422 0.063342 -0.024758   6.000000 6.000000
0.580412 0.063243 -0.024758   2.000000 -2.000000
0.580412 0.063243 -0.074273   6.000000 6.000000
0.584264 0.062956 -0.074273   6.000000 6.000000
0.588244 0.062660 -0.074273   6.000000 6.000000
0.592095 0.062374 -0.074273   6.000000 6.000000
0.596011 0.062077 -0.076749   6.000000 6.000000
0.599926 0.061781 -0.074273   -2.000000 2.000000
0.599926 0.061781 -0.024758   6.000000 6.000000
0.603916 0.061682 -0.024758   6.000000 6.000000
0.607777 0.061587 -0.024758   6.000000 6.000000
0.611638 0.061491 -0.024758   6.000000 6.000000
0.615627 0.061392 -0.024758   6.000000 6.000000
0.619488 0.061297 -0.024758   6.000000 6.000000
0.623478 0.061198 -0.024758   -2.000000 2.000000
0.623478 0.061198 0.024758   6.000000 6.000000
0.627403 0.061300 0.027233   6.000000 6.000000
0.631329 0.061402 0.024758   6.000000 6.000000
0.635190 0.061498 0.024758   6.000000 6.000000
0.639179 0.061596 0.024758   6.000000 6.000000
0.643040 0.061692 0.024758   6.000000 6.000000
0.646966 0.061794 0.027233   -2.000000 2.000000
0.646966 0.061794 0.076749   6.000000 6.000000
0.650945 0.062100 0.076749   6.000000 6.000000
0.654796 0.062396 0.076749   6.000000 6.000000
0.658711 0.062692 0.074273   6.000000 6.000000
0.662626 0.062989 0.076749   6.000000 6.000000
0.666542 0.063285 0.074273   6.000000 6.000000
0.670457 0.063581 0.076749   -2.000000 2.000000
0.670457 0.063581 0.126264   6.000000 6.000000
0.674352 0.064080 0.128740   6.000000 6.000000
0.678247 0.064580 0.126264   6.000000 6.000000
0.682078 0.065066 0.126264   6.000000 6.000000
0.686037 0.065569 0.126264   6.000000 6.000000
0.689869 0.066055 0.126264   6.000000 6.000000
0.693828 0.066558 0.126264   -2.000000 2.000000
0.693828 0.066558 0.175780   6.000000 6.000000
0.697693 0.067249 0.178255   6.000000 6.000000
0.701558 0.067940 0.175780   6.000000 6.000000
0.705361 0.068616 0.175780   6.000000 6.000000
0.709226 0.069307 0.178255   6.000000 6.000000
0.713091 0.069999 0.175780   6.000000 6.000000
0.716957 0.070690 0.178255   -2.000000 2.000000
0.716957 0.070690 0.227771   6.000000 6.000000
0.720844 0.071591 0.227771   6.000000 6.000000
0.724607 0.072463 0.227771   6.000000 6.000000
0.728433 0.073345 0.225295   6.000000 6.000000
0.732259 0.074227 0.227771   6.000000 6.000000
0.736086 0.075109 0.225295   6.000000 6.000000
0.739912 0.075991 0.227771   -2.000000 2.000000
0.739912 0.075991 0.277286   6.000000 6.000000
0.743687 0.077071 0.279762   6.000000 6.000000
0.747462 0.078150 0.277286   6.000000 6.000000
0.751177 0.079207 0.277286   6.000000 6.000000
0.755016 0.080300 0.277286   6.000000 6.000000
0.758730 0.081357 0.277286   6.000000 6.000000
0.762569 0.082450 0.277286   -2.000000 2.000000
0.762507 0.082431 0.329277   6.000000 6.000000
0.766284 0.083721 0.329277   6.000000 6.000000
0.769938 0.084970 0.329277   6.000000 6.000000
0.773656 0.086235 0.326802   6.000000 6.000000
0.777373 0.087500 0.329277   6.000000 6.000000
0.781090 0.088765 0.326802   6.000000 6.000000
0.784807 0.090030 0.329277   -2.000000 2.000000
0.784807 0.090030 0.378793   6.000000 6.000000
0.788515 0.091506 0.378793   6.000000 6.000000
0.792104 0.092934 0.378793   6.000000 6.000000
0.795692 0.094363 0.378793   6.000000 6.000000
0.799400 0.095838 0.378793   6.000000 6.000000
0.802989 0.097267 0.378793   6.000000 6.000000
0.806697 0.098743 0.378793   -2.000000 2.000000
0.806697 0.098743 0.428308   6.000000 6.000000
0.810266 0.100378 0.430784   6.000000 6.000000
0.813836 0.102013 0.428308   6.000000 6.000000
0.817350 0.103617 0.428308   6.000000 6.000000
0.820980 0.105275 0.428308   6.000000 6.000000
0.824493 0.106879 0.428308   6.000000 6.000000
0.828063 0.108514 0.430784   -2.000000 2.000000
0.828063 0.108514 0.480299   6.000000 6.000000
0.831603 0.110358 0.480299   -4.000000 4.000000
0.831603 0.110358 0.579330   6.000000 6.000000
0.834835 0.112472 0.579330   6.000000 6.000000
0.838118 0.114626 0.581806   6.000000 6.000000
0.841401 0.116780 0.579330   6.000000 6.000000
0.844684 0.118934 0.581806   6.000000 6.000000
0.847967 0.121087 0.579330   -2.000000 2.000000
0.847967 0.121087 0.628845   6.000000 6.000000
0.851140 0.123401 0.631321   -3.000000 3.000000
0.851140 0.123401 0.705594   6.000000 6.000000
0.854126 0.125951 0.708070   6.000000 6.000000
0.857112 0.128501 0.705594   6.000000 6.000000
0.860098 0.131051 0.708070   6.000000 6.000000
0.863083 0.133601 0.705594   6.000000 6.000000
0.866023 0.136106 0.705594   -2.000000 2.000000
0.866071 0.136149 0.757585   6.000000 6.000000
0.868927 0.138843 0.755110   -3.000000 3.000000
0.868882 0.138797 0.831858   6.000000 6.000000
0.871570 0.141747 0.831858   6.000000 6.000000
0.874171 0.144602 0.831858   6.000000 6.000000
0.876859 0.147552 0.831858   6.000000 6.000000
0.879460 0.150407 0.831858   6.000000 6.000000
0.882148 0.153357 0.831858   -2.000000 2.000000
0.882148 0.153357 0.881374   6.000000 6.000000
0.884605 0.156337 0.881374   -2.000000 2.000000
0.884645 0.156388 0.933365   6.000000 6.000000
0.886943 0.159492 0.933365   6.000000 6.000000
0.889318 0.162699 0.933365   6.000000 6.000000
0.891617 0.165803 0.933365   6.000000 6.000000
0.893992 0.169010 0.933365   6.000000 6.000000
0.896291 0.172114 0.933365   -2.000000 2.000000
0.896291 0.172114 0.982880   6.000000 6.000000
0.898504 0.175435 0.982880   -2.000000 2.000000
0.898470 0.175380 1.034872   6.000000 6.000000
0.900479 0.178754 1.032396   6.000000 6.000000
0.902488 0.182127 1.034872   6.000000 6.000000
0.904497 0.185501 1.032396   6.000000 6.000000
0.906507 0.188875 1.034872   6.000000 6.000000
0.908516 0.192248 1.032396   -2.000000 2.000000
0.908516 0.192248 1.081911   6.000000 6.000000
0.910356 0.195717 1.084387   6.000000 6.000000
0.912195 0.199186 1.081911   6.000000 6.000000
0.914035 0.202655 1.084387   6.000000 6.000000
0.915841 0.206069 1.084387   6.000000 6.000000
0.917706 0.209597 1.084387   6.000000 6.000000
0.919512 0.213011 1.084387   -2.000000 2.000000
0.919512 0.213011 1.133902   6.000000 6.000000
0.921200 0.216627 1.133902   6.000000 6.000000
0.922835 0.220127 1.133902   6.000000 6.000000
0.924523 0.223743 1.133902   6.000000 6.000000
0.926157 0.227242 1.133902   6.000000 6.000000
0.927846 0.230858 1.133902   6.000000 6.000000
0.929480 0.234358 1.133902   0.000000 0.000000
0.929480 0.234358 1.133902   6.000000 6.000000
0.931169 0.237974 1.133902   6.000000 6.000000
0.932803 0.241473 1.133902   6.000000 6.000000
0.934460 0.245033 1.136378   6.000000 6.000000
0.936117 0.248593 1.133902   6.000000 6.000000
0.937774 0.252153 1.136378   6.000000 6.000000
0.939431 0.255712 1.133902   0.000000 0.000000
0.939431 0.255712 1.133902   6.000000 6.000000
0.941088 0.259272 1.136378   6.000000 6.000000
0.942745 0.262832 1.133902   6.000000 6.000000
0.944380 0.266332 1.133902   6.000000 6.000000
0.946068 0.269948 1.133902   6.000000 6.000000
0.947702 0.273447 1.133902   6.000000 6.000000
0.949391 0.277063 1.133902   0.000000 0.000000
0.949391 0.277063 1.133902   6.000000 6.000000
0.951025 0.280563 1.133902   6.000000 6.000000
0.952714 0.284179 1.133902   6.000000 6.000000
0.954348 0.287678 1.133902   6.000000 6.000000
0.956037 0.291294 1.133902   6.000000 6.000000
0.957671 0.294794 1.133902   6.000000 6.000000
0.959328 0.298353 1.136378   -2.000000 2.000000
0.959328 0.298353 1.185893   6.000000 6.000000
0.960807 0.301991 1.183418   2.000000 -2.000000
0.960807 0.301991 1.133902   6.000000 6.000000
0.962464 0.305551 1.136378   6.000000 6.000000
0.964121 0.309110 1.133902   6.000000 6.000000
0.965778 0.312670 1.136378   6.000000 6.000000
0.967435 0.316230 1.133902   6.000000 6.000000
0.969092 0.319790 1.136378   -2.000000 2.000000
0.969092 0.319790 1.185893   6.000000 6.000000
0.970571 0.323427 1.183418   2.000000 -2.000000
0.970571 0.323427 1.133902   6.000000 6.000000
0.972228 0.326987 1.136378   6.000000 6.000000
0.973885 0.330547 1.133902   6.000000 6.000000
0.975519 0.334046 1.133902   6.000000 6.000000
0.977208 0.337662 1.133902   6.000000 6.000000
0.978842 0.341162 1.133902   -2.000000 2.000000
0.978868 0.341221 1.185893   6.000000 6.000000
0.980347 0.344858 1.183418   6.000000 6.000000
0.981825 0.348496 1.185893   6.000000 6.000000
0.983275 0.352075 1.185893   6.000000 6.000000
0.984754 0.355713 1.183418   6.000000 6.000000
0.986233 0.359350 1.185893   6.000000 6.000000
0.987712 0.362988 1.183418   -2.000000 2.000000
0.987735 0.363048 1.235409   6.000000 6.000000
0.989006 0.366695 1.235409   6.000000 6.000000
0.990319 0.370463 1.235409   6.000000 6.000000
0.991591 0.374110 1.235409   6.000000 6.000000
0.992888 0.377817 1.232933   6.000000 6.000000
0.994185 0.381523 1.235409   6.000000 6.000000
0.995456 0.385170 1.235409   -2.000000 2.000000
0.995475 0.385231 1.287400   6.000000 6.000000
0.996578 0.389000 1.284924   2.000000 -2.000000
0.996578 0.389000 1.235409   6.000000 6.000000
0.997849 0.392647 1.235409   6.000000 6.000000
0.999163 0.396415 1.235409   6.000000 6.000000
1.000434 0.400062 1.235409   6.000000 6.000000
1.001747 0.403831 1.235409   6.000000 6.000000
1.003019 0.407478 1.235409   -2.000000 2.000000
1.003019 0.407478 1.284924   6.000000 6.000000
1.004144 0.411307 1.284924   6.000000 6.000000
1.005233 0.415012 1.284924   6.000000 6.000000
1.006359 0.418841 1.284924   6.000000 6.000000
1.007448 0.422547 1.284924   6.000000 6.000000
1.008573 0.426376 1.284924   6.000000 6.000000
1.009662 0.430081 1.284924   -2.000000 2.000000
1.009662 0.430081 1.334440   6.000000 6.000000
1.010577 0.433900 1.336915   6.000000 6.000000
1.011492 0.437718 1.334440   6.000000 6.000000
1.012406 0.441537 1.336915   6.000000 6.000000
1.013321 0.445355 1.334440   6.000000 6.000000
1.014236 0.449174 1.336915   6.000000 6.000000
1.015151 0.452992 1.334440   -2.000000 2.000000
1.015137 0.452929 1.386431   6.000000 6.000000
1.015869 0.456853 1.386431   6.000000 6.000000
1.016577 0.460650 1.386431   6.000000 6.000000
1.017308 0.464573 1.386431   6.000000 6.000000
1.018016 0.468370 1.386431   6.000000 6.000000
1.018748 0.472293 1.386431   6.000000 6.000000
1.019456 0.476090 1.386431   -2.000000 2.000000
1.019456 0.476090 1.435946   6.000000 6.000000
1.019993 0.480044 1.435946   6.000000 6.000000
1.020512 0.483871 1.435946   6.000000 6.000000
1.021035 0.487763 1.438422   6.000000 6.000000
1.021558 0.491655 1.435946   6.000000 6.000000
1.022081 0.495546 1.438422   6.000000 6.000000
1.022604 0.499438 1.435946   -2.000000 2.000000
1.022604 0.499438 1.485462   6.000000 6.000000
1.022934 0.503350 1.487937   6.000000 6.000000
1.023264 0.507263 1.485462   6.000000 6.000000
1.023594 0.511176 1.487937   6.000000 6.000000
1.023924 0.515089 1.485462   6.000000 6.000000
1.024253 0.519001 1.487937   6.000000 6.000000
1.024573 0.522850 1.487937   -2.000000 2.000000
1.024573 0.522850 1.537453   6.000000 6.000000
1.024706 0.526839 1.537453   6.000000 6.000000
1.024835 0.530699 1.537453   6.000000 6.000000
1.024968 0.534688 1.537453   6.000000 6.000000
1.025097 0.538548 1.537453   6.000000 6.000000
1.025230 0.542536 1.537453   6.000000 6.000000
1.025358 0.546397 1.537453   -2.000000 2.000000
1.025358 0.546397 1.586968   6.000000 6.000000
1.025290 0.550322 1.589444   6.000000 6.000000
1.025222 0.554248 1.586968   6.000000 6.000000
1.025153 0.558174 1.589444   6.000000 6.000000
1.025085 0.562100 1.586968   6.000000 6.000000
1.025017 0.566026 1.589444   6.000000 6.000000
1.024948 0.569952 1.586968   -2.000000 2.000000
1.024948 0.569952 1.636483   6.000000 6.000000
1.024686 0.573870 1.638959   6.000000 6.000000
1.024423 0.577788 1.636483   6.000000 6.000000
1.024161 0.581706 1.638959   6.000000 6.000000
1.023897 0.585559 1.638959   6.000000 6.000000
1.023626 0.589541 1.638959   6.000000 6.000000
1.023363 0.593394 1.638959   -2.000000 2.000000
1.023363 0.593394 1.688475   6.000000 6.000000
1.022894 0.597357 1.688475   6.000000 6.000000
1.022441 0.601193 1.688475   6.000000 6.000000
1.021972 0.605156 1.688475   6.000000 6.000000
1.021519 0.608991 1.688475   6.000000 6.000000
1.021050 0.612955 1.688475   6.000000 6.000000
1.020597 0.616790 1.688475   -2.000000 2.000000
1.020597 0.616790 1.737990   6.000000 6.000000
1.019938 0.620661 1.740466   6.000000 6.000000
1.019280 0.624532 1.737990   6.000000 6.000000
1.018622 0.628403 1.740466   6.000000 6.000000
1.017964 0.632274 1.737990   6.000000 6.000000
1.017305 0.636145 1.740466   6.000000 6.000000
1.016647 0.640016 1.737990   -2.000000 2.000000
1.016659 0.639953 1.789981   6.000000 6.000000
1.015792 0.643849 1.789981   6.000000 6.000000
1.014952 0.647618 1.789981   6.000000 6.000000
1.014084 0.651514 1.789981   6.000000 6.000000
1.013244 0.655284 1.789981   6.000000 6.000000
1.012377 0.659179 1.789981   6.000000 6.000000
1.011537 0.662949 1.789981   -2.000000 2.000000
1.011537 0.662949 1.839497   6.000000 6.000000
1.010477 0.666797 1.839497   6.000000 6.000000
1.009452 0.670520 1.839497   6.000000 6.000000
1.008405 0.674305 1.841972   6.000000 6.000000
1.007358 0.678089 1.839497   6.000000 6.000000
1.006311 0.681873 1.841972   6.000000 6.000000
1.005264 0.685658 1.839497   -2.000000 2.000000
1.005264 0.685658 1.889012   6.000000 6.000000
1.004030 0.689386 1.891488   6.000000 6.000000
1.002797 0.693114 1.889012   6.000000 6.000000
1.001564 0.696842 1.891488   6.000000 6.000000
1.000331 0.700569 1.889012   6.000000 6.000000
0.999098 0.704297 1.891488   6.000000 6.000000
0.997880 0.707963 1.891488   -2.000000 2.000000
0.997880 0.707963 1.941003   6.000000 6.000000
0.996437 0.711683 1.941003   6.000000 6.000000
0.995039 0.715284 1.941003   6.000000 6.000000
0.993595 0.719004 1.941003   6.000000 6.000000
0.992198 0.722605 1.941003   6.000000 6.000000
0.990754 0.726325 1.941003   6.000000 6.000000
0.989357 0.729926 1.941003   -2.000000 2.000000
0.989357 0.729926 1.990518   6.000000 6.000000
0.987752 0.733510 1.992994   6.000000 6.000000
0.986147 0.737094 1.990518   6.000000 6.000000
0.984543 0.740677 1.992994   6.000000 6.000000
0.982938 0.744261 1.990518   6.000000 6.000000
0.981334 0.747845 1.992994   6.000000 6.000000
0.979729 0.751429 1.990518   -2.000000 2.000000
0.979729 0.751429 2.040034   6.000000 6.000000
0.977949 0.754929 2.042510   6.000000 6.000000
0.976169 0.758429 2.040034   6.000000 6.000000
0.974389 0.761928 2.042510   6.000000 6.000000
0.972634 0.765369 2.042510   6.000000 6.000000
0.970821 0.768924 2.042510   6.000000 6.000000
0.969066 0.772364 2.042510   -2.000000 2.000000
0.969066 0.772364 2.092025   6.000000 6.000000
0.967079 0.775825 2.092025   6.000000 6.000000
0.965155 0.779175 2.092025   6.000000 6.000000
0.963168 0.782636 2.092025   6.000000 6.000000
0.961245 0.785985 2.092025   6.000000 6.000000
0.959258 0.789446 2.092025   6.000000 6.000000
0.957334 0.792795 2.092025   -2.000000 2.000000
0.957334 0.792795 2.141540   6.000000 6.000000
0.955209 0.796097 2.144016   6.000000 6.000000
0.953084 0.799398 2.141540   6.000000 6.000000
0.950958 0.802700 2.144016   6.000000 6.000000
0.948833 0.806002 2.141540   6.000000 6.000000
0.946707 0.809303 2.144016   6.000000 6.000000
0.944582 0.812605 2.141540   -2.000000 2.000000
0.944618 0.812552 2.193532   6.000000 6.000000
0.942290 0.815793 2.193532   6.000000 6.000000
0.940038 0.818931 2.193532   6.000000 6.000000
0.937710 0.822172 2.193532   6.000000 6.000000
0.935457 0.825310 2.193532   6.000000 6.000000
0.933129 0.828551 2.193532   6.000000 6.000000
0.930877 0.831689 2.193532   -2.000000 2.000000
0.930877 0.831689 2.243047   6.000000 6.000000
0.928391 0.834811 2.243047   6.000000 6.000000
0.925986 0.837833 2.243047   6.000000 6.000000
0.923537 0.840902 2.245523   6.000000 6.000000
0.921088 0.843971 2.243047   6.000000 6.000000
0.918639 0.847041 2.245523   6.000000 6.000000
0.916190 0.850110 2.243047   -2.000000 2.000000
0.916190 0.850110 2.292562   6.000000 6.000000
0.913592 0.853054 2.295038   6.000000 6.000000
0.910994 0.855998 2.292562   6.000000 6.000000
0.908396 0.858943 2.295038   6.000000 6.000000
0.905798 0.861887 2.292562   6.000000 6.000000
0.903200 0.864831 2.295038   6.000000 6.000000
0.900641 0.867724 2.295038   -2.000000 2.000000
0.900641 0.867724 2.344553   6.000000 6.000000
0.897852 0.870578 2.344553   6.000000 6.000000
0.895153 0.873341 2.344553   6.000000 6.000000
0.892364 0.876196 2.344553   6.000000 6.000000
0.889665 0.878958 2.344553   6.000000 6.000000
0.886876 0.881813 2.344553   6.000000 6.000000
0.884177 0.884576 2.344553   -2.000000 2.000000
0.884177 0.884576 2.394069   6.000000 6.000000
0.881294 0.887241 2.396545   6.000000 6.000000
0.878411 0.889907 2.394069   6.000000 6.000000
0.875528 0.892573 2.396545   6.000000 6.000000
0.872645 0.895239 2.394069   6.000000 6.000000
0.869762 0.897905 2.396545   6.000000 6.000000
0.866879 0.900570 2.394069   -2.000000 2.000000
0.866879 0.900570 2.443584   6.000000 6.000000
0.863868 0.903090 2.446060   6.000000 6.000000
0.860857 0.905610 2.443584   6.000000 6.000000
0.857845 0.908130 2.446060   6.000000 6.000000
0.854880 0.910605 2.446060   6.000000 6.000000
0.851816 0.913162 2.446060   6.000000 6.000000
0.848851 0.915637 2.446060   -2.000000 2.000000
0.848851 0.915637 2.495575   6.000000 6.000000
0.845665 0.918040 2.495575   6.000000 6.000000
0.842581 0.920365 2.495575   6.000000 6.000000
0.839394 0.922767 2.495575   6.000000 6.000000
0.836310 0.925092 2.495575   6.000000 6.000000
0.833123 0.927495 2.495575   6.000000 6.000000
0.830039 0.929820 2.495575   -2.000000 2.000000
0.830039 0.929820 2.545091   6.000000 6.000000
0.826788 0.932022 2.547567   6.000000 6.000000
0.823537 0.934224 2.545091   6.000000 6.000000
0.820286 0.936425 2.547567   6.000000 6.000000
0.817035 0.938627 2.545091   6.000000 6.000000
0.813839 0.940797 2.545091   6.000000 6.000000
0.810538 0.943039 2.545091   -2.000000 2.000000
0.810592 0.943004 2.597082   6.000000 6.000000
0.807178 0.945071 2.597082   6.000000 6.000000
0.803874 0.947072 2.597082   6.000000 6.000000
0.800461 0.949139 2.597082   6.000000 6.000000
0.797157 0.951140 2.597082   6.000000 6.000000
0.793801 0.953178 2.594606   6.000000 6.000000
0.790445 0.955216 2.597082   -2.000000 2.000000
0.790445 0.955216 2.646597   6.000000 6.000000
0.786933 0.957112 2.646597   6.000000 6.000000
0.783534 0.958946 2.646597   6.000000 6.000000
0.780135 0.960781 2.646597   6.000000 6.000000
0.776623 0.962677 2.646597   6.000000 6.000000
0.773225 0.964512 2.646597   6.000000 6.000000
0.769713 0.966407 2.646597   -2.000000 2.000000
0.769713 0.966407 2.696113   6.000000 6.000000
0.766168 0.968095 2.698588   6.000000 6.000000
0.762622 0.969782 2.696113   6.000000 6.000000
0.759137 0.971447 2.696113   6.000000 6.000000
0.755535 0.973166 2.696113   6.000000 6.000000
0.752050 0.974830 2.696113   6.000000 6.000000
0.748505 0.976518 2.698588   -2.000000 2.000000
0.748505 0.976518 2.748104   6.000000 6.000000
0.744819 0.978048 2.748104   6.000000 6.000000
0.741252 0.979529 2.748104   6.000000 6.000000
0.737627 0.981039 2.745628   6.000000 6.000000
0.734002 0.982549 2.748104   6.000000 6.000000
0.730378 0.984059 2.745628   6.000000 6.000000
0.726753 0.985569 2.748104   -2.000000 2.000000
0.726753 0.985569 2.797619   6.000000 6.000000
0.723055 0.986888 2.800095   6.000000 6.000000
0.719357 0.988208 2.797619   6.000000 6.000000
0.715721 0.989511 2.797619   6.000000 6.000000
0.711964 0.990856 2.797619   6.000000 6.000000
0.708328 0.992159 2.797619   6.000000 6.000000
0.704571 0.993505 2.797619   -2.000000 2.000000
0.704571 0.993505 2.847135   6.000000 6.000000
0.700812 0.994640 2.849610   6.000000 6.000000
0.697053 0.995775 2.847135   6.000000 6.000000
0.693357 0.996895 2.847135   6.000000 6.000000
0.689598 0.998030 2.849610   6.000000 6.000000
0.685839 0.999165 2.847135   6.000000 6.000000
0.682080 1.000300 2.849610   -2.000000 2.000000
0.682080 1.000300 2.899126   6.000000 6.000000
0.678206 1.001258 2.899126   6.000000 6.000000
0.674456 1.002186 2.899126   6.000000 6.000000
0.670646 1.003133 2.896650   6.000000 6.000000
0.666835 1.004081 2.899126   6.000000 6.000000
0.663025 1.005028 2.896650   6.000000 6.000000
0.659214 1.005976 2.899126   -2.000000 2.000000
0.659214 1.005976 2.948641   6.000000 6.000000
0.655359 1.006724 2.951117   6.000000 6.000000
0.651505 1.007472 2.948641   6.000000 6.000000
0.647714 1.008213 2.948641   6.000000 6.000000
0.643797 1.008978 2.948641   6.000000 6.000000
0.640007 1.009718 2.948641   6.000000 6.000000
0.636090 1.010484 2.948641   -2.000000 2.000000
0.636154 1.010473 3.000632   6.000000 6.000000
0.632202 1.011034 3.000632   6.000000 6.000000
0.628378 1.011576 3.000632   6.000000 6.000000
0.624491 1.012133 2.998157   6.000000 6.000000
0.620604 1.012689 3.000632   6.000000 6.000000
0.616717 1.013246 2.998157   6.000000 6.000000
0.612831 1.013802 3.000632   -2.000000 2.000000
0.612831 1.013802 3.050148   6.000000 6.000000
0.608856 1.014167 3.050148   6.000000 6.000000
0.605010 1.014519 3.050148   6.000000 6.000000
0.601164 1.014872 3.050148   6.000000 6.000000
0.597190 1.015237 3.050148   6.000000 6.000000
0.593344 1.015589 3.050148   6.000000 6.000000
0.589370 1.015954 3.050148   -2.000000 2.000000
0.589370 1.015954 3.099663   6.000000 6.000000
0.585446 1.016113 3.102139   6.000000 6.000000
0.581523 1.016273 3.099663   6.000000 6.000000
0.577664 1.016435 3.099663   6.000000 6.000000
0.573677 1.016602 3.099663   6.000000 6.000000
0.569818 1.016764 3.099663   6.000000 6.000000
0.565895 1.016924 3.102139   -2.000000 2.000000
0.565895 1.016924 3.151654   6.000000 6.000000
0.561904 1.016884 3.151654   6.000000 6.000000
0.558042 1.016845 3.151654   6.000000 6.000000
0.554115 1.016810 3.149178   6.000000 6.000000
0.550189 1.016776 3.151654   6.000000 6.000000
0.546263 1.016741 3.149178   6.000000 6.000000
0.542336 1.016706 3.151654   -2.000000 2.000000
0.542336 1.016706 3.201170   6.000000 6.000000
0.538417 1.016468 3.203645   6.000000 6.000000
0.534497 1.016229 3.201170   6.000000 6.000000
0.530642 1.015999 3.201170   6.000000 6.000000
0.526658 1.015761 3.201170   6.000000 6.000000
0.522803 1.015532 3.201170   6.000000 6.000000
0.518819 1.015294 3.201170   -2.000000 2.000000
0.518819 1.015294 3.250685   6.000000 6.000000
0.514916 1.014862 3.253161   6.000000 6.000000
0.511014 1.014429 3.250685   6.000000 6.000000
0.507174 1.014009 3.250685   6.000000 6.000000
0.503272 1.013576 3.253161   6.000000 6.000000
0.499369 1.013144 3.250685   6.000000 6.000000
0.495466 1.012712 3.253161   -2.000000 2.000000
0.495466 1.012712 3.302676   6.000000 6.000000
0.491527 1.012072 3.302676   6.000000 6.000000
0.487715 1.011452 3.302676   6.000000 6.000000
0.483838 1.010827 3.300200   6.000000 6.000000
0.479962 1.010202 3.302676   6.000000 6.000000
0.476085 1.009577 3.300200   6.000000 6.000000
0.472209 1.008952 3.302676   -2.000000 2.000000
0.472209 1.008952 3.352192   6.000000 6.000000
0.468370 1.008127 3.354667   6.000000 6.000000
0.464531 1.007301 3.352192   6.000000 6.000000
0.460754 1.006494 3.352192   6.000000 6.000000
0.456852 1.005659 3.352192   6.000000 6.000000
0.453075 1.004852 3.352192   6.000000 6.000000
0.449172 1.004018 3.352192   -2.000000 2.000000
0.449235 1.004033 3.404183   6.000000 6.000000
0.445380 1.002997 3.404183   6.000000 6.000000
0.441651 1.001994 3.404183   6.000000 6.000000
0.437857 1.000980 3.401707   6.000000 6.000000
0.434064 0.999965 3.404183   6.000000 6.000000
0.430271 0.998951 3.401707   6.000000 6.000000
0.426478 0.997936 3.404183   -2.000000 2.000000
0.426478 0.997936 3.453698   6.000000 6.000000
0.422739 0.996735 3.451222   6.000000 6.000000
0.419001 0.995534 3.453698   6.000000 6.000000
0.415325 0.994348 3.453698   6.000000 6.000000
0.411527 0.993122 3.453698   6.000000 6.000000
0.407852 0.991936 3.453698   6.000000 6.000000
0.404053 0.990711 3.453698   -2.000000 2.000000
0.404053 0.990711 3.503213   6.000000 6.000000
0.400441 0.989345 3.503213   6.000000 6.000000
0.396708 0.987933 3.503213   6.000000 6.000000
0.393096 0.986566 3.503213   6.000000 6.000000
0.389363 0.985154 3.503213   6.000000 6.000000
0.385751 0.983788 3.503213   6.000000 6.000000
0.382080 0.982394 3.505689   -2.000000 2.000000
0.382080 0.982394 3.555205   6.000000 6.000000
0.378482 0.980820 3.552729   6.000000 6.000000
0.374885 0.979247 3.555205   6.000000 6.000000
0.371287 0.977673 3.552729   6.000000 6.000000
0.367690 0.976099 3.555205   6.000000 6.000000
0.364093 0.974526 3.552729   6.000000 6.000000
0.360495 0.972952 3.555205   -2.000000 2.000000
0.360495 0.972952 3.604720   6.000000 6.000000
0.357040 0.971226 3.604720   6.000000 6.000000
0.353469 0.969443 3.604720   6.000000 6.000000
0.350014 0.967718 3.604720   6.000000 6.000000
0.346443 0.965935 3.604720   6.000000 6.000000
0.342988 0.964210 3.604720   6.000000 6.000000
0.339418 0.962427 3.604720   -2.000000 2.000000
0.339418 0.962427 3.654235   6.000000 6.000000
0.336052 0.960532 3.654235   2.000000 -2.000000
0.336052 0.960532 3.604720   6.000000 6.000000
0.332481 0.958749 3.604720   6.000000 6.000000
0.329026 0.957024 3.604720   6.000000 6.000000
0.325455 0.955241 3.604720   6.000000 6.000000
0.322000 0.953516 3.604720   6.000000 6.000000
0.318430 0.951733 3.604720   -2.000000 2.000000
0.318486 0.951763 3.656711   6.000000 6.000000
0.315067 0.949833 3.654235   6.000000 6.000000
0.311647 0.947903 3.656711   6.000000 6.000000
0.308228 0.945972 3.654235   6.000000 6.000000
0.304809 0.944042 3.656711   6.000000 6.000000
0.301389 0.942112 3.654235   6.000000 6.000000
0.297970 0.940182 3.656711   -2.000000 2.000000
0.297970 0.940182 3.706227   6.000000 6.000000
0.294650 0.938085 3.703751   2.000000 -2.000000
0.294650 0.938085 3.654235   6.000000 6.000000
0.291231 0.936155 3.656711   6.000000 6.000000
0.287811 0.934225 3.654235   6.000000 6.000000
0.284392 0.932295 3.656711   6.000000 6.000000
0.280972 0.930364 3.654235   6.000000 6.000000
0.277607 0.928470 3.654235   -2.000000 2.000000
0.277551 0.928437 3.706227   6.000000 6.000000
0.274289 0.926370 3.706227   6.000000 6.000000
0.270917 0.924235 3.706227   6.000000 6.000000
0.267654 0.922168 3.706227   6.000000 6.000000
0.264283 0.920033 3.706227   6.000000 6.000000
0.261020 0.917966 3.706227   6.000000 6.000000
0.257701 0.915869 3.703751   -2.000000 2.000000
0.257647 0.915833 3.755742   6.000000 6.000000
0.254491 0.913607 3.755742   2.000000 -2.000000
0.254491 0.913607 3.706227   6.000000 6.000000
0.251171 0.911510 3.703751   6.000000 6.000000
0.247851 0.909413 3.706227   6.000000 6.000000
0.244531 0.907316 3.703751   6.000000 6.000000
0.241212 0.905219 3.706227   6.000000 6.000000
0.237892 0.903122 3.703751   -2.000000 2.000000
0.237892 0.903122 3.758218   6.000000 6.000000
0.234686 0.900856 3.755742   6.000000 6.000000
0.231529 0.898630 3.755742   6.000000 6.000000
0.228268 0.896330 3.755742   6.000000 6.000000
0.225111 0.894105 3.755742   6.000000 6.000000
0.221850 0.891805 3.755742   6.000000 6.000000
0.218693 0.889579 3.755742   -2.000000 2.000000
0.218642 0.889541 3.807733   6.000000 6.000000
0.215551 0.887118 3.805257   2.000000 -2.000000
0.215551 0.887118 3.755742   6.000000 6.000000
0.212395 0.884892 3.755742   6.000000 6.000000
0.209133 0.882592 3.755742   6.000000 6.000000
0.205977 0.880367 3.755742   6.000000 6.000000
0.202715 0.878067 3.755742   6.000000 6.000000
0.199559 0.875841 3.755742   -2.000000 2.000000
0.199559 0.875841 3.805257   6.000000 6.000000
0.196415 0.873383 3.805257   6.000000 6.000000
0.193373 0.871004 3.805257   6.000000 6.000000
0.190282 0.868581 3.807733   6.000000 6.000000
0.187192 0.866159 3.805257   6.000000 6.000000
0.184102 0.863736 3.807733   6.000000 6.000000
0.181012 0.861313 3.805257   -2.000000 2.000000
0.181012 0.861313 3.854773   6.000000 6.000000
0.178046 0.858741 3.857248   6.000000 6.000000
0.175079 0.856168 3.854773   6.000000 6.000000
0.172113 0.853595 3.857248   6.000000 6.000000
0.169198 0.851061 3.857248   6.000000 6.000000
0.166186 0.848443 3.857248   6.000000 6.000000
0.163272 0.845909 3.857248   -2.000000 2.000000
0.163272 0.845909 3.906764   6.000000 6.000000
0.160393 0.843145 3.906764   2.000000 -2.000000
0.160393 0.843145 3.857248   6.000000 6.000000
0.157478 0.840610 3.857248   6.000000 6.000000
0.154467 0.837992 3.857248   6.000000 6.000000
0.151552 0.835458 3.857248   6.000000 6.000000
0.148540 0.832839 3.857248   6.000000 6.000000
0.145626 0.830305 3.857248   -2.000000 2.000000
0.145626 0.830305 3.906764   6.000000 6.000000
0.142747 0.827541 3.906764   6.000000 6.000000
0.139961 0.824866 3.906764   6.000000 6.000000
0.137133 0.822143 3.909240   6.000000 6.000000
0.134304 0.819419 3.906764   6.000000 6.000000
0.131475 0.816696 3.909240   6.000000 6.000000
0.128646 0.813973 3.906764   -2.000000 2.000000
0.128646 0.813973 3.956279   6.000000 6.000000
0.125956 0.811113 3.958755   6.000000 6.000000
0.123266 0.808253 3.956279   6.000000 6.000000
0.120575 0.805393 3.958755   6.000000 6.000000
0.117885 0.802533 3.956279   6.000000 6.000000
0.115194 0.799673 3.958755   6.000000 6.000000
0.112504 0.796813 3.956279   -2.000000 2.000000
0.112547 0.796861 4.008270   6.000000 6.000000
0.109963 0.793819 4.008270   6.000000 6.000000
0.107463 0.790875 4.008270   6.000000 6.000000
0.104879 0.787834 4.008270   6.000000 6.000000
0.102379 0.784890 4.008270   6.000000 6.000000
0.099795 0.781848 4.008270   6.000000 6.000000
0.097295 0.778904 4.008270   -2.000000 2.000000
0.097295 0.778904 4.057786   6.000000 6.000000
0.094865 0.775738 4.057786   6.000000 6.000000
0.092514 0.772675 4.057786   6.000000 6.000000
0.090127 0.769557 4.060262   6.000000 6.000000
0.087740 0.766439 4.057786   6.000000 6.000000
0.085353 0.763321 4.060262   6.000000 6.000000
0.082967 0.760203 4.057786   -2.000000 2.000000
0.082967 0.760203 4.107301   6.000000 6.000000
0.080737 0.756971 4.109777   6.000000 6.000000
0.078507 0.753739 4.107301   6.000000 6.000000
0.076278 0.750507 4.109777   6.000000 6.000000
0.074089 0.747325 4.109777   6.000000 6.000000
0.071827 0.744037 4.109777   6.000000 6.000000
0.069638 0.740855 4.109777   -2.000000 2.000000
0.069638 0.740855 4.159292   6.000000 6.000000
0.067541 0.737459 4.159292   6.000000 6.000000
0.065512 0.734173 4.159292   6.000000 6.000000
0.063416 0.730777 4.159292   6.000000 6.000000
0.061387 0.727490 4.159292   6.000000 6.000000
0.059290 0.724094 4.159292   6.000000 6.000000
0.057261 0.720808 4.159292   -2.000000 2.000000
0.057261 0.720808 4.208808   6.000000 6.000000
0.055371 0.717367 4.211283   6.000000 6.000000
0.053480 0.713925 4.208808   6.000000 6.000000
0.051590 0.710484 4.211283   6.000000 6.000000
0.049699 0.707042 4.208808   5.400000 4.200000
0.047808 0.703601 4.211283   4.800000 2.400000
0.045918 0.700159 4.208808   4.200000 0.600000
0.045918 0.700159 4.208808   3.600000 -1.200000
0.044027 0.696718 4.211283   3.000000 -3.000000
0.044060 0.696773 4.134535   3.600000 -1.200000
0.041880 0.693430 4.134535   4.200000 0.600000
0.039771 0.690195 4.134535   6.000000 6.000000
0.037591 0.686852 4.134535   5.400000 4.200000
0.035481 0.683617 4.134535   4.800000 2.400000
0.033301 0.680274 4.134535   4.200000 0.600000
0.033301 0.680274 4.134535   3.600000 -1.200000
0.031192 0.677039 4.134535   3.000000 -3.000000
0.031154 0.676986 4.057786   3.600000 -1.200000
0.028803 0.673922 4.057786   4.200000 0.600000
0.026416 0.670805 4.060262   6.000000 6.000000
0.024029 0.667687 4.057786   5.400000 4.200000
0.021642 0.664569 4.060262   4.800000 2.400000
0.019256 0.661451 4.057786   4.200000 0.600000
0.019256 0.661451 4.057786   3.600000 -1.200000
0.016869 0.658333 4.060262   3.000000 -3.000000
0.016828 0.658283 3.983513   3.600000 -1.200000
0.014255 0.655403 3.983513   4.200000 0.600000
0.011637 0.652477 3.981037   6.000000 6.000000
0.009018 0.649551 3.983513   5.400000 4.200000
0.006399 0.646625 3.981037   4.800000 2.400000
0.003780 0.643700 3.983513   4.200000 0.600000
0.003780 0.643700 3.983513   3.600000 -1.200000
0.001161 0.640774 3.981037   3.000000 -3.000000
0.001161 0.640774 3.906764   3.600000 -1.200000
-0.001668 0.638051 3.909240   4.200000 0.600000
-0.004496 0.635328 3.906764   6.000000 6.000000
-0.007325 0.632604 3.909240   5.400000 4.200000
-0.010154 0.629881 3.906764   4.800000 2.400000
-0.012939 0.627206 3.906764   4.200000 0.600000
-0.012939 0.627206 3.906764   3.600000 -1.200000
-0.015818 0.624441 3.906764   3.000000 -3.000000
-0.015818 0.624441 3.832491   3.600000 -1.200000
-0.018794 0.621980 3.832491   4.200000 0.600000
-0.021870 0.619437 3.832491   6.000000 6.000000
-0.024847 0.616976 3.832491   5.400000 4.200000
-0.027922 0.614433 3.832491   4.800000 2.400000
-0.030899 0.611972 3.832491   4.200000 0.600000
-0.030899 0.611972 3.832491   3.600000 -1.200000
-0.033975 0.609429 3.832491   3.000000 -3.000000
-0.033923 0.609468 3.755742   3.600000 -1.200000
-0.037185 0.607168 3.755742   4.200000 0.600000
-0.040341 0.604942 3.755742   4.800000 2.400000
-0.043548 0.602676 3.758218   5.400000 4.200000
-0.046754 0.600409 3.755742   6.000000 6.000000
-0.049960 0.598142 3.758218   0.000000 0.000000
-0.049960 0.598142 3.758218   6.000000 6.000000
-0.053166 0.595875 3.755742   2.000000 -2.000000
-0.053166 0.595875 3.706227   6.000000 6.000000
-0.056538 0.593740 3.706227   6.000000 6.000000
-0.059801 0.591673 3.706227   6.000000 6.000000
-0.063172 0.589538 3.706227   6.000000 6.000000
-0.066435 0.587471 3.706227   6.000000 6.000000
-0.069698 0.585404 3.706227   -2.000000 2.000000
-0.069751 0.585368 3.758218   6.000000 6.000000
-0.072957 0.583102 3.755742   2.000000 -2.000000
-0.072957 0.583102 3.706227   6.000000 6.000000
-0.076220 0.581035 3.706227   6.000000 6.000000
-0.079591 0.578899 3.706227   6.000000 6.000000
-0.082854 0.576833 3.706227   6.000000 6.000000
-0.086226 0.574697 3.706227   6.000000 6.000000
-0.089488 0.572630 3.706227   -2.000000 2.000000
-0.089542 0.572595 3.758218   6.000000 6.000000
-0.092748 0.570328 3.755742   2.000000 -2.000000
-0.092748 0.570328 3.706227   6.000000 6.000000
-0.096011 0.568261 3.706227   6.000000 6.000000
-0.099382 0.566126 3.706227   6.000000 6.000000
-0.102645 0.564059 3.706227   6.000000 6.000000
-0.106017 0.561923 3.706227   6.000000 6.000000
-0.109279 0.559857 3.706227   -2.000000 2.000000
-0.109279 0.559857 3.755742   6.000000 6.000000
-0.112541 0.557557 3.755742   2.000000 -2.000000
-0.112541 0.557557 3.706227   6.000000 6.000000
-0.115804 0.555490 3.706227   6.000000 6.000000
-0.119175 0.553355 3.706227   6.000000 6.000000
-0.122438 0.551288 3.706227   6.000000 6.000000
-0.125809 0.549152 3.706227   6.000000 6.000000
-0.129072 0.547086 3.706227   -2.000000 2.000000
-0.129072 0.547086 3.755742   6.000000 6.000000
-0.132278 0.544819 3.758218   6.000000 6.000000
-0.135485 0.542552 3.755742   6.000000 6.000000
-0.138691 0.540285 3.758218   6.000000 6.000000
-0.141897 0.538019 3.755742   6.000000 6.000000
-0.145103 0.535752 3.758218   6.000000 6.000000
-0.148310 0.533485 3.755742   -2.000000 2.000000
-0.148310 0.533485 3.805257   6.000000 6.000000
-0.151400 0.531063 3.807733   6.000000 6.000000
-0.154490 0.528640 3.805257   6.000000 6.000000
-0.157580 0.526217 3.807733   6.000000 6.000000
-0.160616 0.523831 3.807733   6.000000 6.000000
-0.163754 0.521365 3.807733   6.000000 6.000000
-0.166791 0.518978 3.807733   -2.000000 2.000000
-0.166791 0.518978 3.857248   6.000000 6.000000
-0.169802 0.516359 3.857248   6.000000 6.000000
-0.172717 0.513825 3.857248   6.000000 6.000000
-0.175729 0.511207 3.857248   6.000000 6.000000
-0.178644 0.508673 3.857248   6.000000 6.000000
-0.181655 0.506054 3.857248   6.000000 6.000000
-0.184570 0.503520 3.857248   -2.000000 2.000000
-0.184570 0.503520 3.906764   6.000000 6.000000
-0.187399 0.500797 3.909240   6.000000 6.000000
-0.190227 0.498074 3.906764   6.000000 6.000000
-0.193056 0.495350 3.909240   6.000000 6.000000
-0.195885 0.492627 3.906764   6.000000 6.000000
-0.198714 0.489904 3.909240   6.000000 6.000000
-0.201542 0.487181 3.906764   -2.000000 2.000000
-0.201497 0.487226 3.958755   6.000000 6.000000
-0.204228 0.484316 3.958755   -2.000000 2.000000
-0.204228 0.484316 4.008270   6.000000 6.000000
-0.206728 0.481372 4.008270   6.000000 6.000000
-0.209312 0.478331 4.008270   6.000000 6.000000
-0.211812 0.475387 4.008270   6.000000 6.000000
-0.214396 0.472345 4.008270   6.000000 6.000000
-0.216896 0.469401 4.008270   -2.000000 2.000000
-0.216896 0.469401 4.057786   6.000000 6.000000
-0.219283 0.466284 4.060262   -3.000000 3.000000
-0.219283 0.466284 4.134535   6.000000 6.000000
-0.221463 0.462941 4.134535   6.000000 6.000000
-0.223572 0.459705 4.134535   6.000000 6.000000
-0.225752 0.456362 4.134535   6.000000 6.000000
-0.227862 0.453127 4.134535   6.000000 6.000000
-0.230042 0.449784 4.134535   -2.000000 2.000000
-0.230008 0.449839 4.186526   6.000000 6.000000
-0.231983 0.446446 4.184050   -3.000000 3.000000
-0.232014 0.446389 4.260799   6.000000 6.000000
-0.233699 0.442914 4.260799   6.000000 6.000000
-0.235441 0.439323 4.260799   6.000000 6.000000
-0.237126 0.435848 4.260799   6.000000 6.000000
-0.238844 0.432317 4.258323   6.000000 6.000000
-0.240562 0.428786 4.260799   -2.000000 2.000000
-0.240562 0.428786 4.310314   6.000000 6.000000
-0.242094 0.425171 4.312790   -3.000000 3.000000
-0.242094 0.425171 4.387063   6.000000 6.000000
-0.243354 0.421452 4.384587   6.000000 6.000000
-0.244613 0.417733 4.387063   6.000000 6.000000
-0.245873 0.414014 4.384587   6.000000 6.000000
-0.247133 0.410295 4.387063   6.000000 6.000000
-0.248367 0.406635 4.387063   -2.000000 2.000000
-0.248367 0.406635 4.436578   6.000000 6.000000
-0.249454 0.402795 4.436578   -3.000000 3.000000
-0.249454 0.402795 4.510852   6.000000 6.000000
-0.250235 0.398947 4.513327   6.000000 6.000000
-0.250999 0.395161 4.513327   6.000000 6.000000
-0.251788 0.391249 4.513327   6.000000 6.000000
-0.252552 0.387463 4.513327   6.000000 6.000000
-0.253341 0.383551 4.513327   -2.000000 2.000000
-0.253341 0.383551 4.562843   6.000000 6.000000
-0.253916 0.379732 4.562843   -3.000000 3.000000
-0.253924 0.379668 4.639592   6.000000 6.000000
-0.254205 0.375816 4.639592   6.000000 6.000000
-0.254495 0.371900 4.637116   6.000000 6.000000
-0.254785 0.367984 4.639592   6.000000 6.000000
-0.255076 0.364068 4.637116   6.000000 6.000000
-0.255366 0.360153 4.639592   -2.000000 2.000000
-0.255366 0.360153 4.689107   6.000000 6.000000
-0.255459 0.356163 4.689107   -3.000000 3.000000
-0.255460 0.356227 4.765856   6.000000 6.000000
-0.255255 0.352306 4.763380   6.000000 6.000000
-0.255050 0.348385 4.765856   6.000000 6.000000
-0.254845 0.344463 4.763380   6.000000 6.000000
-0.254640 0.340542 4.765856   6.000000 6.000000
-0.254435 0.336621 4.763380   -2.000000 2.000000
-0.254435 0.336621 4.812895   6.000000 6.000000
-0.254036 0.332715 4.815371   -2.000000 2.000000
-0.254036 0.332715 4.864887   6.000000 6.000000
-0.253435 0.328834 4.867362   6.000000 6.000000
-0.252834 0.324954 4.864887   6.000000 6.000000
-0.252247 0.321137 4.864887   6.000000 6.000000
-0.251641 0.317192 4.864887   6.000000 6.000000
-0.251054 0.313375 4.864887   -2.000000 2.000000
-0.251043 0.313311 4.916878   6.000000 6.000000
-0.250250 0.309466 4.914402   6.000000 6.000000
-0.249458 0.305620 4.916878   6.000000 6.000000
-0.248673 0.301838 4.916878   6.000000 6.000000
-0.247881 0.297992 4.914402   6.000000 6.000000
-0.247088 0.294147 4.916878   6.000000 6.000000
-0.246296 0.290301 4.914402   -2.000000 2.000000
-0.246281 0.290238 4.966393   6.000000 6.000000
-0.245310 0.286500 4.966393   6.000000 6.000000
-0.244308 0.282637 4.966393   6.000000 6.000000
-0.243337 0.278899 4.966393   6.000000 6.000000
-0.242355 0.275097 4.963917   6.000000 6.000000
-0.241373 0.271295 4.966393   6.000000 6.000000
-0.240391 0.267493 4.963917   -2.000000 2.000000
-0.240391 0.267493 5.018384   6.000000 6.000000
-0.239213 0.263748 5.015908   6.000000 6.000000
-0.238035 0.260002 5.018384   6.000000 6.000000
-0.236857 0.256257 5.015908   6.000000 6.000000
-0.235702 0.252571 5.015908   6.000000 6.000000
-0.234509 0.248762 5.015908   6.000000 6.000000
-0.233355 0.245077 5.015908   -2.000000 2.000000
-0.233334 0.245016 5.067900   6.000000 6.000000
-0.231972 0.241333 5.065424   6.000000 6.000000
-0.230610 0.237650 5.067900   6.000000 6.000000
-0.229266 0.234030 5.067900   6.000000 6.000000
-0.227903 0.230347 5.065424   6.000000 6.000000
-0.226541 0.226664 5.067900   6.000000 6.000000
-0.225179 0.222981 5.065424   -2.000000 2.000000
-0.225155 0.222922 5.117415   6.000000 6.000000
-0.223633 0.219372 5.117415   6.000000 6.000000
-0.222091 0.215761 5.114939   6.000000 6.000000
-0.220548 0.212150 5.117415   6.000000 6.000000
-0.219026 0.208601 5.117415   6.000000 6.000000
-0.217453 0.204933 5.117415   6.000000 6.000000
-0.215932 0.201383 5.117415   -2.000000 2.000000
-0.215905 0.201324 5.169406   6.000000 6.000000
-0.214176 0.197799 5.166930   6.000000 6.000000
-0.212481 0.194329 5.166930   6.000000 6.000000
-0.210728 0.190743 5.166930   6.000000 6.000000
-0.209033 0.187273 5.166930   6.000000 6.000000
-0.207280 0.183687 5.166930   6.000000 6.000000
-0.205585 0.180217 5.166930   -2.000000 2.000000
-0.205585 0.180217 5.216446   6.000000 6.000000
-0.203684 0.176781 5.218922   6.000000 6.000000
-0.201783 0.173345 5.216446   6.000000 6.000000
-0.199883 0.169909 5.218922   6.000000 6.000000
-0.197982 0.166474 5.216446   6.000000 6.000000
-0.196081 0.163038 5.218922   6.000000 6.000000
-0.194180 0.159602 5.216446   -2.000000 2.000000
-0.194213 0.159657 5.268437   6.000000 6.000000
-0.192106 0.156268 5.268437   6.000000 6.000000
-0.190068 0.152987 5.268437   6.000000 6.000000
-0.187961 0.149598 5.268437   6.000000 6.000000
-0.185923 0.146317 5.268437   6.000000 6.000000
-0.183816 0.142928 5.268437   6.000000 6.000000
-0.181778 0.139647 5.268437   -2.000000 2.000000
-0.181778 0.139647 5.317952   6.000000 6.000000
-0.179506 0.136366 5.317952   6.000000 6.000000
-0.177307 0.133191 5.317952   6.000000 6.000000
-0.175068 0.129965 5.320428   6.000000 6.000000
-0.172829 0.126739 5.317952   6.000000 6.000000
-0.170590 0.123514 5.320428   6.000000 6.000000
-0.168351 0.120288 5.317952   -2.000000 2.000000
-0.168351 0.120288 5.367468   6.000000 6.000000
-0.165955 0.117177 5.369943   6.000000 6.000000
-0.163559 0.114067 5.367468   6.000000 6.000000
-0.161163 0.110956 5.369943   6.000000 6.000000
-0.158767 0.107845 5.367468   6.000000 6.000000
-0.156371 0.104734 5.369943   6.000000 6.000000
-0.153975 0.101623 5.367468   -2.000000 2.000000
-0.154015 0.101673 5.419459   6.000000 6.000000
-0.151423 0.098639 5.419459   6.000000 6.000000
-0.148914 0.095703 5.419459   6.000000 6.000000
-0.146321 0.092669 5.419459   6.000000 6.000000
-0.143813 0.089732 5.419459   6.000000 6.000000
-0.141220 0.086698 5.419459   6.000000 6.000000
-0.138711 0.083762 5.419459   -2.000000 2.000000
-0.138711 0.083762 5.468974   6.000000 6.000000
-0.135972 0.080860 5.468974   6.000000 6.000000
-0.133320 0.078051 5.468974   6.000000 6.000000
-0.130621 0.075199 5.471450   6.000000 6.000000
-0.127923 0.072347 5.468974   6.000000 6.000000
-0.125224 0.069495 5.471450   6.000000 6.000000
-0.122525 0.066643 5.468974   -2.000000 2.000000
-0.122525 0.066643 5.518490   6.000000 6.000000
-0.119688 0.063928 5.520965   6.000000 6.000000
-0.116851 0.061213 5.518490   6.000000 6.000000
-0.114015 0.058498 5.520965   6.000000 6.000000
-0.111221 0.055831 5.520965   6.000000 6.000000
-0.108334 0.053076 5.520965   6.000000 6.000000
-0.105541 0.050409 5.520965   -2.000000 2.000000
-0.105541 0.050409 5.570481   6.000000 6.000000
-0.102521 0.047799 5.570481   6.000000 6.000000
-0.099599 0.045274 5.570481   6.000000 6.000000
-0.096580 0.042664 5.570481   6.000000 6.000000
-0.093657 0.040139 5.570481   6.000000 6.000000
-0.090638 0.037529 5.570481   6.000000 6.000000
-0.087716 0.035004 5.570481   0.000000 0.000000
-0.087716 0.035004 5.570481   6.000000 6.000000
-0.084696 0.032394 5.570481   6.000000 6.000000
-0.081774 0.029869 5.570481   6.000000 6.000000
-0.078800 0.027305 5.572957   6.000000 6.000000
-0.075826 0.024741 5.570481   6.000000 6.000000
-0.072852 0.022177 5.572957   6.000000 6.000000
-0.069878 0.019613 5.570481   0.000000 0.000000
-0.069878 0.019613 5.570481   6.000000 6.000000
-0.066904 0.017049 5.572957   0.000000 0.000000
-0.066904 0.017049 5.572957   6.000000 6.000000
-0.063930 0.014486 5.570481   6.000000 6.000000
-0.060956 0.011922 5.572957   6.000000 6.000000
-0.057982 0.009358 5.570481   6.000000 6.000000
-0.055060 0.006832 5.570481   6.000000 6.000000
-0.052040 0.004223 5.570481   0.000000 0.000000
-0.052040 0.004223 5.570481   6.000000 6.000000
-0.049118 0.001697 5.570481   0.000000 0.000000
-0.049118 0.001697 5.570481   6.000000 6.000000
-0.046099 -0.000912 5.570481   6.000000 6.000000
-0.043177 -0.003438 5.570481   6.000000 6.000000
-0.040157 -0.006047 5.570481   6.000000 6.000000
-0.037235 -0.008573 5.570481   6.000000 6.000000
-0.034215 -0.011182 5.570481   0.000000 0.000000
-0.034215 -0.011182 5.570481   6.000000 6.000000
-0.031293 -0.013708 5.570481   0.000000 0.000000
-0.031293 -0.013708 5.570481   0.000000 0.000000
-0.031293 -0.013708 5.570481   6.000000 6.000000
-0.028274 -0.016317 5.570481   0.000000 0.000000
-0.028274 -0.016317 5.570481   6.000000 6.000000
-0.025352 -0.018843 5.570481   0.000000 0.000000
-0.025352 -0.018843 5.570481   6.000000 6.000000
-0.022332 -0.021452 5.570481   6.000000 6.000000
-0.019410 -0.023978 5.570481   6.000000 6.000000
-0.016391 -0.026587 5.570481   0.000000 0.000000
-0.016391 -0.026587 5.570481   0.000000 0.000000
-0.016391 -0.026587 5.570481   6.000000 6.000000
-0.013468 -0.029113 5.570481   0.000000 0.000000
-0.013468 -0.029113 5.570481   0.000000 0.000000
-0.013468 -0.029113 5.570481   6.000000 6.000000
-0.010449 -0.031722 5.570481   0.000000 0.000000
-0.010449 -0.031722 5.570481   0.000000 0.000000
-0.010449 -0.031722 5.570481   0.000000 0.000000
-0.010449 -0.031722 5.570481   0.000000 0.000000
-0.010449 -0.031722 5.570481   0.000000 0.000000
-0.010449 -0.031722 5.570481   0.000000 0.000000
-0.010449 -0.031722 5.570481   0.000000 0.000000
-0.010449 -0.031722 5.570481   0.000000 0.000000
-0.010449 -0.031722 5.570481   0.000000 0.000000
-0.010449 -0.031722 5.570481   0.000000 0.000000
-0.010449 -0.031722 5.570481   0.000000 0.000000
-0.010449 -0.031722 5.570481   0.000000 0.000000
-0.010449 -0.031722 5.570481   0.000000 0.000000
-0.010449 -0.031722 5.570481   0.000000 0.000000
-0.010449 -0.031722 5.570481   0.000000 0.000000
-0.010449 -0.031722 5.570481   0.000000 0.000000
-0.010449 -0.031722 5.570481   0.000000 0.000000
-0.010449 -0.031722 5.570481   0.000000 0.000000
-0.010449 -0.031722 5.570481   0.000000 0.000000
-0.010449 -0.031722 5.570481   0.000000 0.000000
-0.010449 -0.031722 5.570481   0.000000 0.000000
-0.010449 -0.031722 5.570481   0.000000 0.000000
-0.010449 -0.031722 5.570481   0.000000 0.000000
-0.010449 -0.031722 5.570481   0.000000 0.000000
-0.010449 -0.031722 5.570481   0.000000 0.000000
-0.010449 -0.031722 5.570481   0.000000 0.000000
-0.010449 -0.031722 5.570481   0.000000 0.000000
-0.010449 -0.031722 5.570481   0.000000 0.000000
-0.010449 -0.031722 5.570481   0.000000 0.000000
-0.010449 -0.031722 5.570481   0.000000 0.000000
-0.010449 -0.031722 5.570481   0.000000 0.000000
-0.010449 -0.031722 5.570481   0.000000 0.000000
-0.010449 -0.031722 5.570481   0.000000 0.000000
-0.010449 -0.031722 5.570481   0.000000 0.000000
-0.010449 -0.031722 5.570481   0.000000 0.000000
-0.010449 -0.031722 5.570481   0.000000 0.000000
-0.010449 -0.031722 5.570481   0.000000 0.000000
-0.010449 -0.031722 5.570481   0.000000 0.000000
-0.010449 -0.031722 5.570481   0.000000 0.000000
-0.010449 -0.031722 5.570481   0.000000 0.000000
-0.010449 -0.031722 5.570481   0.000000 0.000000
-0.010449 -0.031722 5.570481   0.000000 0.000000
-0.010449 -0.031722 5.570481   0.000000 0.000000
-0.010449 -0.031722 5.570481   0.000000 0.000000
-0.010449 -0.031722 5.570481   0.000000 0.000000
-0.010449 -0.031722 5.570481   0.000000 0.000000
-0.010449 -0.031722 5.570481   0.000000 0.000000
-0.010449 -0.031722 5.570481   0.000000 0.000000
-0.010449 -0.031722 5.570481   0.000000 0.000000
-0.010449 -0.031722 5.570481   0.000000 0.000000
-0.010449 -0.031722 5.570481   0.000000 0.000000
-0.010449 -0.031722 5.570481   0.000000 0.000000
-0.010449 -0.031722 5.570481   0.000000 0.000000
-0.010449 -0.031722 5.570481   0.000000 0.000000
-0.010449 -0.031722 5.570481   0.000000 0.000000
-0.010449 -0.031722 5.570481   0.000000 0.000000
-0.010449 -0.031722 5.570481   0.000000 0.000000
-0.010449 -0.031722 5.570481   0.000000 0.000000
